 41  44  46  45  48  48  49  51  50  52  53  52  53  56  53  56
 41 255 255 255 255 255 255 255 255 255 255 255 255 255 255  57
 43 255 255 255 255 255 255 255 255 255 255 255 255 255 255  56
 40 255  33  66   0 255   0 227 255 255 255 255 255 255 255 197
 39 255 255 146 255 255 102 255   0 255 255 255 255 255 255 222
 40 255 255 255 255 255 255 255 255 255 255 255 255 255 255 221
 39 255 255 255 255 255 255 255 255 255 255 255 255 255 255  63
 37 255 255 255 255 255 255 255 255 255 255 255 255 255 255  64
 37 255 255 255 255 255 255 255 255 255 255 255 255 255 255  60
 38 255 255 255 255 255 255 255 255 255 255 255 255 255  65 151
 36 255 255 255 235 255 255 255 255 255 255 255 255   0 167  61
 33 255 255 255 255 255 255 255 255 255 255 255 255   0 255  61
 33 255 255 255 255 255 255 255 255 255 255 255 255   0  86  60
 32 255 255 255 255 255 255 255 255 255 255 255 255   0 190  57
 33 255 255 255 255 255 255 255 255 255 255 255 255 255 255  57
 30  31  37 150  42 108 127  53  48  50  51  49  51  54  55  54
 37  40  42  43  44  43  47  49  47  48  49  50  48  52  50  53
 37 255 255 255 255 255 255 255 255 255 255 255 255 255 255  53
 38 255 255 255 255 255 255 255 255 255 255 255 255 255 255  50
 36 255  33  66   0 255   0 227 255 255 255 255 255 255 255 109
 35 255 255 146 255 255 102 255   0 255 255 255 255 255 255 116
 37 255 255 255 255 255 255 255 255 255 255 255 255 255 255 113
 35 255 255 255 255 255 255 255 255 255 255 255 255 255 255  45
 33 255 255 255 255 255 255 255 255 255 255 255 255 255 255  46
 33 255 255 255 255 255 255 255 255 255 255 255 255 255 255  44
 33 255 255 255 255 255 255 255 255 255 255 255 255 255  65  77
 32 255 255 255 235 255 255 255 255 255 255 255 255   0 167  44
 30 255 255 255 255 255 255 255 255 255 255 255 255   0 255  44
 30 255 255 255 255 255 255 255 255 255 255 255 255   0  86  44
 29 255 255 255 255 255 255 255 255 255 255 255 255   0 190  42
 30 255 255 255 255 255 255 255 255 255 255 255 255 255 255  42
 28  29  25  68  33  51  56  33  36  38  39  35  38  40  40  41
 37  39  41  41  43  42  44  46  46  47  48  49  47  50  48  52
 36 255 255 255 255 255 255 255 255 255 255 255 255 255 255  52
 36 255 255 255 255 255 255 255 255 255 255 255 255 255 255  49
 34 255  33  66   0 255   0 227 255 255 255 255 255 255 255  14
 34 255 255 146 255 255 102 255   0 255 255 255 255 255 255   1
 34 255 255 255 255 255 255 255 255 255 255 255 255 255 255   0
 34 255 255 255 255 255 255 255 255 255 255 255 255 255 255  35
 31 255 255 255 255 255 255 255 255 255 255 255 255 255 255  35
 32 255 255 255 255 255 255 255 255 255 255 255 255 255 255  34
 31 255 255 255 255 255 255 255 255 255 255 255 255 255  65  11
 31 255 255 255 235 255 255 255 255 255 255 255 255   0 167  33
 29 255 255 255 255 255 255 255 255 255 255 255 255   0 255  34
 29 255 255 255 255 255 255 255 255 255 255 255 255   0  86  33
 28 255 255 255 255 255 255 255 255 255 255 255 255   0 190  32
 30 255 255 255 255 255 255 255 255 255 255 255 255 255 255  32
 26  28  18   4  25   5   0  21  27  30  30  27  28  32  32  31

 56  57  56 197 222 221  63  64  60 151  61  61  60  57  57  54
 53 255 255 255 255 255 255 255 255  65 167 255  86 190 255  55
 56 255 255 255 255 255 255 255 255 255   0   0   0   0 255  54
 53 255 255 255 255 255 255 255 255 255 255 255 255 255 255  51
 52 255 255 255 255 255 255 255 255 255 255 255 255 255 255  49
 53 255 255 255 255 255 255 255 255 255 255 255 255 255 255  51
 52 255 255 255 255 255 255 255 255 255 255 255 255 255 255  50
 50 255 255 255   0 255 255 255 255 255 255 255 255 255 255  48
 51 255 255 227 255 255 255 255 255 255 255 255 255 255 255  53
 49 255 255   0 102 255 255 255 255 255 255 255 255 255 255 127
 48 255 255 255 255 255 255 255 255 255 255 255 255 255 255 108
 48 255 255   0 255 255 255 255 255 255 235 255 255 255 255  42
 45 255 255  66 146 255 255 255 255 255 255 255 255 255 255 150
 46 255 255  33 255 255 255 255 255 255 255 255 255 255 255  37
 44 255 255 255 255 255 255 255 255 255 255 255 255 255 255  31
 41  41  43  40  39  40  39  37  37  38  36  33  33  32  33  30
 53  53  50 109 116 113  45  46  44  77  44  44  44  42  42  41
 50 255 255 255 255 255 255 255 255  65 167 255  86 190 255  40
 52 255 255 255 255 255 255 255 255 255   0   0   0   0 255  40
 48 255 255 255 255 255 255 255 255 255 255 255 255 255 255  38
 50 255 255 255 255 255 255 255 255 255 255 255 255 255 255  35
 49 255 255 255 255 255 255 255 255 255 255 255 255 255 255  39
 48 255 255 255 255 255 255 255 255 255 255 255 255 255 255  38
 47 255 255 255   0 255 255 255 255 255 255 255 255 255 255  36
 49 255 255 227 255 255 255 255 255 255 255 255 255 255 255  33
 47 255 255   0 102 255 255 255 255 255 255 255 255 255 255  56
 43 255 255 255 255 255 255 255 255 255 255 255 255 255 255  51
 44 255 255   0 255 255 255 255 255 255 235 255 255 255 255  33
 43 255 255  66 146 255 255 255 255 255 255 255 255 255 255  68
 42 255 255  33 255 255 255 255 255 255 255 255 255 255 255  25
 40 255 255 255 255 255 255 255 255 255 255 255 255 255 255  29
 37  37  38  36  35  37  35  33  33  33  32  30  30  29  30  28
 52  52  49  14   1   0  35  35  34  11  33  34  33  32  32  31
 48 255 255 255 255 255 255 255 255  65 167 255  86 190 255  32
 50 255 255 255 255 255 255 255 255 255   0   0   0   0 255  32
 47 255 255 255 255 255 255 255 255 255 255 255 255 255 255  28
 49 255 255 255 255 255 255 255 255 255 255 255 255 255 255  27
 48 255 255 255 255 255 255 255 255 255 255 255 255 255 255  30
 47 255 255 255 255 255 255 255 255 255 255 255 255 255 255  30
 46 255 255 255   0 255 255 255 255 255 255 255 255 255 255  27
 46 255 255 227 255 255 255 255 255 255 255 255 255 255 255  21
 44 255 255   0 102 255 255 255 255 255 255 255 255 255 255   0
 42 255 255 255 255 255 255 255 255 255 255 255 255 255 255   5
 43 255 255   0 255 255 255 255 255 255 235 255 255 255 255  25
 41 255 255  66 146 255 255 255 255 255 255 255 255 255 255   4
 41 255 255  33 255 255 255 255 255 255 255 255 255 255 255  18
 39 255 255 255 255 255 255 255 255 255 255 255 255 255 255  28
 37  36  36  34  34  34  34  31  32  31  31  29  29  28  30  26

 77  92  91  93  96  95  94 109 122 117 113 122 135 115  82  56
148 197 196 218 251 251 251 252 251 251 252 252 252 251 251 147
140 164 163 201 255 255 255 255 255 255 255 255 255 255 255 149
140 158 142 200 255 255 255 255 255 255 255 255 255 255 255 149
141 161 110 199 255 255 255 255 255 255 255 255 255 255 255 150
143 165 154 199 255 255 255 255 254 254 223 221 224 220 248 150
170 182 177 213 255 255 255 255 249 246 239 240 242 242 250 151
189 252 251 253 255 255 255 255 244 240 236 231 231 233 248 151
168 255 255 255 255 255 255 255 255 255 255 239 236 237 251 151
168 255 255 255 255 255 255 255 255 255 255 251 251 250 254 151
205 255 255 255 252 245 244 244 245 249 248 247 243 218 235 152
236 255 255 255 239 179 186 178 168 191 168 199 177 172 233 152
226 255 255 255 255 255 255 237 216 209 207 240 217 223 240 153
185 255 255 255 255 255 255 245 229 225 224 242 231 238 244 153
161 251 251 251 251 251 251 251 251 251 251 251 251 251 251 151
 73  88  87  87  86  85  85  85  84  83  82  81  80  80  79  60
 64  81  80  83  85  85  84  89  92  90  88  90  96  89  79  54
141 196 195 218 251 251 251 251 251 251 251 251 251 251 251 145
132 164 163 201 255 255 255 255 255 255 255 255 255 255 255 148
133 158 142 200 255 255 255 255 255 255 255 255 255 255 255 148
133 161 110 199 255 255 255 255 255 255 255 255 255 255 255 149
134 165 153 199 255 255 255 255 254 254 223 221 224 220 248 149
151 180 176 213 255 255 255 255 249 246 239 240 242 242 250 149
165 252 251 253 255 255 255 255 244 240 236 231 231 233 248 149
157 255 255 255 255 255 255 255 255 255 255 239 236 237 251 150
157 255 255 255 255 255 255 255 255 255 255 251 251 250 254 150
174 255 255 255 252 245 244 244 245 249 248 247 243 218 235 150
187 255 255 255 239 179 186 178 168 191 168 199 177 172 233 151
184 255 255 255 255 255 255 237 216 209 207 240 217 223 240 151
168 255 255 255 255 255 255 245 229 225 224 242 231 238 244 151
158 251 251 251 251 251 251 251 251 251 251 251 251 251 251 149
 69  85  85  84  83  83  82  81  80  80  79  78  77  76  75  56
 56  73  73  75  79  78  78  73  68  69  70  67  64  70  78  54
136 195 195 217 251 251 250 250 250 250 250 250 250 251 251 145
128 164 163 201 255 255 255 255 255 255 255 255 255 255 255 148
128 158 142 200 255 255 255 255 255 255 255 255 255 255 255 148
129 161 110 199 255 255 255 255 255 255 255 255 255 255 255 148
129 165 153 199 255 255 255 255 254 254 223 221 224 220 248 148
137 180 176 213 255 255 255 255 249 246 239 240 242 242 250 149
143 252 251 253 255 255 255 255 244 240 236 231 231 233 248 149
150 255 255 255 255 255 255 255 255 255 255 239 236 237 251 149
151 255 255 255 255 255 255 255 255 255 255 251 251 250 254 149
142 255 255 255 252 245 244 244 245 249 248 247 243 218 235 150
136 255 255 255 239 179 186 178 168 191 168 199 177 172 233 150
139 255 255 255 255 255 255 237 216 209 207 240 217 223 240 150
150 255 255 255 255 255 255 245 229 225 224 242 231 238 244 151
155 251 251 251 251 251 251 251 251 251 251 251 251 251 251 149
 68  85  84  83  82  82  81  80  80  79  77  77  76  75  74  55

 54 147 150 150 150 151 151 151 152 152 152 153 153 154 152  64
 76 251 255 255 255 248 251 248 252 254 236 233 241 244 251  85
111 251 255 255 255 220 243 233 238 250 219 171 224 238 251  86
132 252 255 255 255 224 243 231 237 250 244 175 218 230 251  86
117 253 255 255 255 221 241 231 240 251 247 198 241 242 251  87
109 252 255 255 255 222 240 235 255 255 248 167 208 223 251  88
113 251 255 255 255 255 248 239 255 255 250 191 210 224 251  89
118 252 255 255 255 255 250 244 255 255 246 166 218 227 251  90
105 253 255 255 255 255 255 255 255 255 245 176 238 244 251  91
 89 251 255 255 255 255 255 255 255 255 245 184 255 255 251  91
 90 251 255 255 255 255 255 255 255 255 245 177 255 255 251  91
 91 251 255 255 255 255 255 255 255 255 253 239 255 255 251  92
 89 219 202 200 199 200 212 254 255 255 255 255 255 255 251  93
 87 197 165 143 112 154 175 252 255 255 255 255 255 255 251  93
 88 197 166 158 162 166 179 252 255 255 255 255 255 255 251  94
 75 148 140 141 141 143 169 191 168 168 204 237 227 187 161  76
 51 146 148 149 149 149 150 150 150 150 151 151 152 152 150  60
 73 251 255 255 255 248 251 248 252 254 236 233 241 244 251  81
 84 251 255 255 255 220 243 233 238 250 219 171 224 238 251  82
 91 251 255 255 255 224 243 231 237 250 244 175 218 230 251  84
 85 251 255 255 255 221 241 231 240 251 247 198 241 242 251  84
 83 251 255 255 255 222 240 235 255 255 248 167 208 223 251  85
 85 251 255 255 255 255 248 239 255 255 250 191 210 224 251  86
 86 251 255 255 255 255 250 244 255 255 246 166 218 227 251  86
 83 251 255 255 255 255 255 255 255 255 245 176 238 244 251  87
 79 251 255 255 255 255 255 255 255 255 245 184 255 255 251  88
 80 251 255 255 255 255 255 255 255 255 245 177 255 255 251  89
 80 251 255 255 255 255 255 255 255 255 253 239 255 255 251  89
 78 219 202 200 199 200 211 254 255 255 255 255 255 255 251  90
 76 196 164 143 112 154 174 252 255 255 255 255 255 255 251  91
 77 197 166 158 162 166 178 252 255 255 255 255 255 255 251  91
 61 141 133 133 134 134 151 165 158 158 174 188 185 169 158  73
 51 146 148 148 149 149 149 149 149 150 150 150 151 151 149  59
 72 251 255 255 255 248 251 248 252 254 236 233 241 244 251  81
 64 251 255 255 255 220 243 233 238 250 219 171 224 238 251  81
 58 251 255 255 255 224 243 231 237 250 244 175 218 230 251  82
 61 251 255 255 255 221 241 231 240 251 247 198 241 242 251  83
 64 251 255 255 255 222 240 235 255 255 248 167 208 223 251  84
 63 251 255 255 255 255 248 239 255 255 250 191 210 224 251  85
 62 251 255 255 255 255 250 244 255 255 246 166 218 227 251  86
 67 251 255 255 255 255 255 255 255 255 245 176 238 244 251  86
 72 251 255 255 255 255 255 255 255 255 245 184 255 255 251  87
 73 251 255 255 255 255 255 255 255 255 245 177 255 255 251  88
 73 251 255 255 255 255 255 255 255 255 253 239 255 255 251  88
 71 218 202 200 199 200 211 254 255 255 255 255 255 255 251  89
 69 195 164 143 112 154 173 252 255 255 255 255 255 255 251  90
 69 196 166 158 162 166 177 252 255 255 255 255 255 255 251  91
 53 136 128 129 129 130 138 144 150 151 143 136 139 150 156  72
